874877825486819328
889474417120403487
890209979867488267
889465788858245180
866367151811985429
890218461022793788
890219836586754070
889137765093097474
870566043486150658
889465807015407636
889460287080636487
890183759746453504
889824512051408896
890211887659245598
890183249618419762
889138327444389888
890205555132612698
890182736189476875
860748756152614942
890182915013607425
889473189833486376
889528605053419550
890222333988593714
889458277589598209
889465338704564275
890210532563492875
788958011702902785
890207583430909953
890184523919278120
889455289974284309
853213743088926720
889458113785253948
890215281404833802
890210854744784946
889460797099606016
890183383949398017
889457887729037402
889465189097934888
890209894056222781
890212322843447316
889425805124435978
890214138008178739
890205970544873473
889456456594759691
890210483754381312
890205963813027880
889137126359322655
889471459163004948
889464602365145128
889466175044591656
843484424511160351
890210317420875837
549321223373455367
889527121674924092
889461466342760498
889139401639198731
890222715796082688
889458452974403604
889135777961889803
890207711692730369
889445338241462284
890210010125193288
889466409401319454
851482292571734028
890182740664795166
890207570298544199
890221366236823592
890223428806791179
889471605590343732
889455938719858709
890218669517463633
890209394787254302
889465005525827604
890644165078163517
890210818971549696
890212626930475068
890214851161518121
890215101787947058
890217418981519380
890208910160580608
890220001762619413
889529233498570754
889467617931325480
890216007652753448
889452306779762719
889472649523257354
890121842046668860
890185395491450940
890219849136082954
890207580331327498
890213440105353227
889864323588055050
838356195848224779
882167032819355648
843895013631852594
889471439336525850
890218392584335370
853139385675284530
889828503929884682
863920226541895701
889456416040034335
890213257598632016
856061514916954112
890215926178385921
890215953873395722
890183095062515742
889134557918539797
890137070700462100
595999160218419202
889467366038175755
890222941453815889
889458765210992711
889455810911035412
889138750418980885
890206745715154985
755705306281017394
890212921655840789
889460193354739762
889137622574833674
889136847576530994
867803205874090035
889529422447775825
890211440324149270
890217590427885671
890216153769734195
889464635609202768
890213498297143357
889133725764419635
889473675240300545
889453330181537793
890222014021894154
769383111787937832
844522009491668992
890184700658851850
833059021581189140
889461576275460126
890222853503475786
890221987639722045
707487545939984394
814549868625920050
889473069960273921
235088799074484224
890222634514657281
890182735560331275
889528837694685226
890213199708815371
889471663526252545
889459514728919041
890215968364703834
890216341901049877
889135948854599700
890183934510505984
890221034974871603
890183604737564722
890216464123052064
889464685219438612
880346814698651679
890217708220727336
890219894862389289
887216951947063327
890221607799386152
889452377671892992
889475256375476255
742216575767019570
889133550731919430
890183272221536266
753129199404843138
890215655784206356
890221834950307912
890216681933242410
889460708981506061
889452523079991316
889138814226931784
889457093214621696
890205861669109790
889135999781851147
890205311439355947
890199599116087306
890223393352339476
890182723493314590
889471608597647380
890213049305301034
889455529179631706
889133397195235339
890221231872299028
889455505389518889
889462092871131166
889137921083449384
890211196274352139
890199010386776175
493716749342998541
890213550281351188
889458433387028492
889530247563849728
890183191032381450
294882584201003009
890218939425120326
889467984194727947
738421151566528555
889137303019196466
852442540216156190
889474663485440012
888991638263832626
889468064012312596
879682043020197948
889460162136510494
889452654844084294
890206989609746442
889455619734659072
889473399947132999
889472828875866162
876433085481226240
890213084684226590
890207773755838516
889527396137566259
889467072944406529
748884414749999184
889528859144360006
889466713198981140
889133562287243295
889452930707648512
889138465718038541
890210750482776094
890199186497228850
889105300022493204
890214156257615903
889134042010759210
889457116568510474
890213652404240444
890219074422976552
889529613288628235
889136116379291708
889466104408309770
889461177258754069
890205565530292284
890220356101636116
890222171702566942
889455645768679424
889459571242975254
889530176352944168
889466899061170199
889467087737741373
889529631231840346
890217061563891763
890199898081853480
889527347559161886
889473818328969276
889462081848496198
889459692378656768
889465878800912395
889460337806557185
890206954016874527
889528827959717948
889464829495091220
890222878275022879
890215125905182731
889832633293475841
852883075276865536
890208081517096963
890216152381411339
889139148097716244
603910625013530624
889462246051315722
889461556256075796
889133636492877835
890207960259772416
890199240691839027
889530290526105661
889529190523740233
890213598792654888
889460088371306507
890211492409012224
890223324137926657
889471704869503048
890214301288255529
890223072215449692
879610405494870046
890222960072339526
890213938707431485
831002245918883900
883248816516628501
720351927581278219
889464065959804938
889136723630653520
889460891765059594
890210805105197107
846616352151961620
889138102499704903
890221272565444698
890211337488191539
889464485075648592
890214479869120612
890208743650902026
889135807485575188
890218673195872256
890206403271225414
890212879771525180
889473363200839710
890211751654740008
856785953540800514
890171170073227284
890217247287672892
889529402000539749
890222346693120071
889459537898270750
890222133811232788
889134352221483038
890182515619426334
889548793547227209
890208583260721205
890184659428847628
793465377043644426
778928256313196554
889926478416994324
890217632454828142
890209047356244019
890183393386569728
889139285490532402
890213639771017228
282859044593598464
889466742554906645
890214424407834696
747457258975264789
881944588175179777
889467491695337492
889464737895706634
889839966723649577
408785106942164992
889445101108097024
890221513846956032
889461488891351100
890219569359233074
869435349863112735
886659366969827398
889528100520615958
889139309918158938
890209301984075786
890210562900906015
890218883879960606
890211577901494302
889465507063926795
890199339346042890
889472804314025995
889527390559170620
890217368142352404
889136889813164072
889475105464401921
889473664087629864
889139051364491275
888144587854577664
889135936699502603
889458067056521216
890215568244899891
890220358228127774
889134386212122664
890207772019392553
889452033080434689
890219256157974578
737031372471795762
890209443944497243
889458249814917182
889465247969210378
889467789444808714
889136945966497853
889451887210950666
889460915550969867
889135843900547132
750661109471641640
890206555797078017
890184105101242399
889471299565547560
841738731668242432
890158152845230110
889472991317086238
890182895644323871
890222170859520000
889529508187738143
890218250414223361
721642248722186300
856126775519608844
872680472398925834
889474405296635924
889467764132171798
890206570741379145
889467052925001748
889135674022821888
851805097398370334
890214505869635594
890107450060070923
889526914312699914
890185101265227796
890199566316617778
890222144049545216
890184608539377695
889451812724281354
870681387143925891
890221796194914304
889457688361201684
885942972473049159
890208600084074576
890220197745668166
889136599806394428
889459121353547786
889472143371427850
874487285008175104
890183045091565638
889459675597262859
887218591974432769
890221447795081226
890205729045221476
890219574430162985
890209498994704394
890226439100706866
886538096852750356
889464921857880105
890211123368960052
889527101705846836
866221097526886430
890209188578492476
890218141513293874
889529575720230943
235148962103951360
889149625817251910
890215850433470514
889530373078413312
890223233473839164
890215750311223316
756402962271567894
890212724888461343
889528620442353666
890218353887674378
622172227038609438
889136530029944883
889137158106009650
889526702718472252
890184317337239623
889462232956690482
890183742990200862
889458650442264617
848710226970673163
890221613444902962
781628437391212604
890217918003019786
889821064455151626
890215449013407744
889460569910947841
889526902170198036
890221220841267311
155149108183695360
890222465639415818
889458993754411018
889134217353637938
890223123843149855
890212407937474570
889459912298610709
889528625819439155
890220603880124436
890216934279368705
760589245063888992
889471294343614475
890206200438857738
890209702439432202
889460451908390973
890218619139665932
889136150017622017
890205529069203476
484826311412678669
889133998985605182
889136404448288819
890218498297569281
889529045463752714
890217602247430155
890213334769631262
889456194215899156
890208542278168606
890199719438065664
884862548078379039
889465921981284403
890216187080871996
890207409128243271
890537100372504597
890208919383863318
890215182612201522
889451845184016405
731032821598126102
883231510696714270
889526873627955230
837631551948062792
890217270964518952
890219449045643316
889456459430117397
890213036198084708
890221631933390929
889528214534377472
890219243671548005
890218821426753567
889471299808804894
889527929455919154
890183582612606986
890209745707880448
890211692389228604
890205688905740328
862688332353765447
881175803159793715
890213995888386069
890210205890146304
889458971398795274
890209097012617286
889529683740332092
890206397118173215
890185359797911562
890209664195776563
852869512457355285
890183957927325747
852638358283091988
889466243407568896
889136691439349790
889458506535682079
889465075415543808
890215607222546432
889136568672071680
890208253089296404
836920919434854411
889132452755419137
890199785448013824
889467742195970079
888413259835785267
889451679307677697
889458804339662848
889457874806382644
889466342099521578
890219719506944051
889529139223212072
889372295569768469
890210225716592652
889457053452628019
889475297802608652
889582807511367691
811332412436906024
889455310425718816
889133884887932948
890221117619449866
890220891399651388
889136553350283294
744896567072260117
887695902142246952
884313165742100550
872766776780414997
889529278205665311
889136688381710347
889137875545894943
889474681399291924
889455320299089930
890210389646794813
889137336766562344
890212565903372308
890206173679210566
890222499151880233
890211787969019956
890199226900951080
889137575657349210
890183430288048128
889138966039773194
808002706731433988
889863512749379634
890209763500126249
890216514026893332
890184531628392459
841502624162643969
889471923665375283
890210358491508766
890217881424523265
889134517460295741
889460477334269953
889473753703120977
889461897349431308
889530400240713848
416358583220043796
889465463086653451
889464078643392552
889806987573989376
889474443196366898
887944794767249408
889455470065094656
889464300643684353
853535528632975360
889473282733113395
889472384648773662
750801534165450793
890207398931873843
890211093190942742
889135656893304832
890220543280812093
834127386983268452
889529500747051068
890207134384533565
890217873191084062
889528445606981662
890212669783670814
889466325985017906
738247139603513376
890219425171636255
889471988484145186
889526704110968832
889456138913992724
889467398619561994
890209384687362069
874634075539902484
437808476106784770
890199227781775440
890210955101888533
889471835253645343
764545411359834153
889465492706820097
743072227712303184
890217250911551490
890217443522396190
890220523592757259
890212309149044787
716342614915285044
889461851853828186
889133389121208350
889464400174534716
890212095105318953
889472202917937203
890219655791263756
890216899500183672
890183428589387786
889466511008342067
889461349023879179
889182004971724872
889465039491326002
890199662802391101
889453806541221888
890207563080142929
890206785888210974
890213779588145172
890211167140716557
890218112425795585
890208888312442912
890218782650433559
889527711117242469
890183851576533022
889453278776139846
890212522186121216
889455484615151666
873955173620408331
889138492536393798
889457893747871744
889466891976998922
890184281744347147
852945656854741002
889458099029700618
862333950924029952
890212487474057257
890207240747905064
889529335294332968
890185377430798337
889451909382021200
890208274106970122
890212163510222848
889461186012282920
890210675652186182
890163123280039967
889472145405673553
890213814774161438
889455916657803294
890220416512172042
889527225827876864
889458098681544754
889467091000909835
889462076744028190
890210660871442443
889452626134069269
889466283010187306
889459827879837697
527923458391146506
890208034817708042
861783194700611585
879096740895133696
889466488950497290
888731751353049129
889137593650917407
889474675321737288
889530120681971763
889529788631507005
890183684286738493
889467589561049129
889181962277912606
889810779031891999
889138629618843709
890184747249188865
890216664497541120
889133863970930688
890213238820708403
889137775067168768
889458913773228052
889459181101383711
890217028919652442
890212294661914704
889474649954607135
890218476227145739
890182913109426187
890211973839618078
882630253183397889
890182916498423839
890218287663841280
889873056821030942
890216895792431105
890219337779118090
159985870458322944
890216293326802974
889811963968880640
890218106620895293
890213855060439041
890206978415136798
888976541294420008
890136909731487785
890211008260489257
890211550466551849
890214257457778699
890212509397684224
890206983301513266
728957616616767569
890184151922266133
889634828243329064
889527561644806155
890210960562847795
889546702086864967
883371040372310046
852835265398833183
794130727586889748
889461041090658366
888684006504296480
890220255803244626
810520086250520586
786078718278893609
890206357834321950
884471850539831417
889461238051008533
890221767266828309
524792161523466250
890222009693392956
890219137115238501
889138906694574140
889472501963436073
509014278875906048
853156563202998292
890213399126999052
889530344909471764
889463941351215156
889136393601810462
889464932725317652
732582180802265150
636493592273223701
889527935155994705
890184906964078622
276060004262477825
877072578232086608
890183822904283137
853153519360409610
889460724106137601
890220435755663420
889133708525834260
852808802641772547
889464317580288050
890211963378991145
889461972318425108
889526704421367808
890205560002191391
889466002851631116
889472890691538945
890211294089707550
890153263171772436
889528280682733599
890221460579291188
890223433009496105
889138810322055228
890208178413920268
890184930636742696
747312668628746287
890200050230263818
890210922738647041
890208996684873748
890136748200439848
889445494877728799
889529934983356427
889134017214046229
825617171589759006
889464093302464593
889472783367684126
889471766186057729
889457670166294581
889527745745395815
762510464767754271
890220893505224704
889458377204305951
890212838310834246
889473224969162763
890183105321766933
890209346028441621
890199011162734644
889528392964268042
687020099881664526
889473509837905951
890205307760963666
890199765722218556
890206591033442335
889530088079622204
890210051074162708
889472716560809994
889459847186247702
889467653310259230
804906197835841558
889473576846118932
890183543219687465
838239795674349618
879351254705381467
890208183921016883
889466080924418069
890208567808913438
889475287895650304
889472995100336150
547905866255433758
889453361001287710
805810208562610186
890219507061248040
878138653619134496
889459369039777812
889465897612374096
889137138287935540
889460715977580554
846680947407061052
240254129333731328
890215488561500191
523906748801744907
890220782838513675
889457677225308160
726769796577755336
876817321493147699
889457677510524988
890213079453937705
890221447958646845
889452187250458644
890167336789749781
724940544224002090
889133399325962241
889138275690897419
889527158874189874
889475110581448734
889445298068414494
889529784718217256
890209094261170196
890208731235745802
830681750748921878
878326306113212506
888355897821253632
891166276955828284
890213225751253002
890221056009326592
874664430284181574
890209857880354868
890217215184490586
890208364569714700
889137095761862678
853227205370576916
740105262534230058
890205314329243649
890220027775705098
889135964314812477
890207769460887562
890199949407563776
889464574435278898
889136137854156891
706441834758537267
890217515937050694
890214353306013707
889464295803486261
889528991986376716
889527977380024371
890184515975282730
889464064797966396
889139428231094295
889461723323592734
890184686163353602
889471286168924200
890213958265475113
785520492446220318
890220194394406982
889461047637991455
888558229041315840
889465625548836884
889527762463891536
889530446361296936
890221971915288596
890199395927228457
889530008496910386
890213748919373914
890207338940731483
889135669602046013
889138321832427551
890216691320123422
889528824096768101
890185098522144768
890210537504382986
882348945525858344
890222504101171232
890184116211961887
889460385378369546
890214193737920614
889460047099330621
890214760107368450
889528630210883594
890218772676366408
890185113604862013
889528099543343166
890223246023196673
770957360125968394
782651640276713492
889475116407357440
889445095571587082
890215716509347900
870131286382092308
890207204467159090
890184901851242536
890222787241865266
813643584779059260
889139322933100555
890199029177270282
890183990491885579
889527376151724073
797116201595568138
890221781829427221
890212677241151498
889445089385005076
889134200563859527
889445528952275005
890210142770065419
890218041558859866
889455688995176458
890220077562097664
890183703836368926
890217763908513792
890207426975006762
890219394767142922
890212770912546847
832668836125343834
873676786477719622
889401431830966302
889529073511043072
888378983807320074
890222627187220500
889472321407033384
890220952347086919
890217407078076436
890216323865518111
889528039761915905
890206755487887421
890222675107127297
889445376417996870
889467973402755112
889465667273752588
889134203806035998
889464528578953246
887517790515380306
878262075393192017
890199502965858325
890220051687424031
890206371256094751
889461654679584808
890220640420896808
890207931402956840
889471454708650004
889473643816554536
889459098796580874
890207980258205746
890220237096620072
889472104733478973
867764741195563008
889250312035131392
889466891062636574
889460253282942976
889452360391344139
890199867031449661
889137944793849906
890206048835743815
890215379593461770
890218972027433001
889473334310486017
889445104526426132
890222298798379008
889138923794751528
890183541248385064
890137050311954432
889458277069492234
889136777850413098
825417237719416873
889465444405243926
889467394349756446
889461306724323328
890216321495760918
890216894399922197
890209594389979156
890222332549931028
890220835355369533
889133773072003172
889474450041499688
889527608746852352
890185388038193163
889460027738427453
889471556143698001
890216122501197896
889138645351686145
889458784949383198
889452952387989505
890208442751533096
770196036953440266
890199414013059082
889458595987615785
739735540483752006
889137443935252490
889529801541554196
890200098410205194
768756342395240450
890219733960507422
889464218825416705
890209547799654400
834086743380459532
889808100473835530
890207207487057920
890152461606735872
890199822219489310
890220699170517042
889472319658016808
889455743193993216
875978958305394719
889471927754821653
889466906535395359
889530057431875645
889472541155033100
890206131723571240
890184110180540416
762229345766473729
889471810796654632
889466729246367778
890209212351778816
889475262188761099
890217066571902986
889527075319472141
889138457648193566
890208399025897552
889135670801604659
889461932057321537
889445328628105216
877176306641547374
889136988886814770
814441758037377045
890212874948055091
890211715067809792
890136879213723648
889461786120708118
889181961862664192
889138108656910366
889529964788072459
889528243814793259
889461089430028320
890210344079863838
889456206085783553
889453096885944330
890137072189472780
890215405371670538
650085836846530570
889136390334464032
885029862539153408
889466571985133610
890219659364818964
889459902240669707
890215342775873537
890209825634537502
889527882962075678
889460878796267562
791637095097434134
889527738610909244
889466442121109515
890219107780296764
890205781641793546
890223200666017793
889471491270406194
890124005888098334
889529885821915236
889136981760700476
875695466841526282
852774038702260254
889136116073123860
890212182917251145
890214779275333665
890218303363096656
889427363258073138
836878172276260884
890217997543813170
889133516049223690
889460008255909888
889445444827103233
889460621224075306
889473211924889660
890216542648819773
890184330696069120
889528437440663582
536991182035746816
890137081718902794
890223031568445441
888816149108752384
890205987674423397
840224188848537610
889465292718215179
890216490769481749
886212340113080370
889455306524983297
889138771046588476
890215561609486366
890198369765560351
889527540778139650
889459296541241405
889473018726842438
889466582923902986
890219224902008852
890211470653153280
889136355744055297
890221650119901194
889465670608244776
890184930896797706
890165323284766771
813394762328571965
889457883530526801
730297706160979999
758951866612056065
889453172060454932
889473432406884444
889461718223298591
890183261161127937
890206528714461195
890217797567791146
890216055702700062
889472246232547368
889468013571637299
890215761560358923
833042130741362698
889837425621368842
890221188897456168
889836434561851423
889452670509781022
889461398218895360
890183086141214740
889466095449309225
890210141650157578
843033454669070336
890211276238778399
890206767018016769
889136825308942357
890219061491949568
890214311484588063
889837111929339924
890211865634930728
890219871986679878
